[gd_scene format=3 uid="uid://bx8ie07jnlc5k"]

[ext_resource type="PackedScene" uid="uid://d0hvqk3om0og7" path="res://scenes/ui/mainmenu/MainMenuUI.tscn" id="1_0ykhv"]
[ext_resource type="Material" uid="uid://jv460lcd3mx6" path="res://materials/debug/debugground.tres" id="3_l72w3"]

[node name="MainMenu" type="Node3D" unique_id=1762461589]

[node name="MainMenuUi" parent="." unique_id=1517158564 node_paths=PackedStringArray("camera", "cameraMenuPositionNode", "cameraLocalPositionNode", "cameraOnlinePositionNode", "cameraOptionsPositionNode") instance=ExtResource("1_0ykhv")]
camera = NodePath("../Camera3D")
cameraMenuPositionNode = NodePath("../MenuPosition")
cameraLocalPositionNode = NodePath("../LocalPosition")
cameraOnlinePositionNode = NodePath("../OnlinePosition")
cameraOptionsPositionNode = NodePath("../OptionsPosition")

[node name="Camera3D" type="Camera3D" parent="." unique_id=2079605383]
physics_interpolation_mode = 2
transform = Transform3D(0.9099613, 0.043347247, 0.4124215, 0, 0.9945219, -0.104528464, -0.41469324, 0.09511685, 0.9049764, 0.5841905, 0.48084188, 1.4111874)
fov = 30.0

[node name="MenuPosition" type="Node3D" parent="." unique_id=1647525171]
transform = Transform3D(0.9099613, 0.043347247, 0.41242152, 0, 0.9945219, -0.104528464, -0.41469324, 0.09511685, 0.9049764, 0.5841905, 0.48084188, 1.4111874)

[node name="LocalPosition" type="Node3D" parent="." unique_id=378294700]
transform = Transform3D(0.6570011, 0.12178234, 0.7439884, 0.043347247, 0.9791314, -0.19855165, -0.7526424, 0.16269849, 0.6380115, 1.7186284, 0.8115404, -0.2074883)

[node name="OnlinePosition" type="Node3D" parent="." unique_id=1558586294]
transform = Transform3D(0.6570011, 0.12178234, 0.7439884, 0.043347247, 0.9791314, -0.19855165, -0.7526424, 0.16269849, 0.6380115, -0.77302384, 0.8115404, 0.70890236)

[node name="OptionsPosition" type="Node3D" parent="." unique_id=535555842]
transform = Transform3D(0.83201194, -0.39061674, 0.39392206, 0.20746633, 0.87764436, 0.43208575, -0.51450336, -0.27777496, 0.81125045, 0.6020174, 1.3613317, 0.6940243)

[node name="CSGBox3D" type="CSGBox3D" parent="." unique_id=1737427734]
transform = Transform3D(1, 0, 0, 0, 1, 0, 0, 0, 1, -0.7625351, -0.24224854, -0.8673401)
size = Vector3(6.810684, 0.5155029, 4.61969)
material = ExtResource("3_l72w3")

[node name="CSGCylinder3D" type="CSGCylinder3D" parent="CSGBox3D" unique_id=1629958678]
transform = Transform3D(1, 0, 0, 0, 1, 0, 0, 0, 1, -1.2765756, 1.2433486, -0.65657187)
sides = 16
material = ExtResource("3_l72w3")

[node name="CSGBox3D" type="CSGBox3D" parent="CSGBox3D" unique_id=123919977]
transform = Transform3D(1, 0, 0, 0, 1, 0, 0, 0, 1, 0.8448875, 1.0549644, -0.95187855)
size = Vector3(3.590149, 1.6571045, 0.65478516)
material = ExtResource("3_l72w3")

[node name="CSGBox3D" type="CSGBox3D" parent="CSGBox3D/CSGBox3D" unique_id=1084682083]
transform = Transform3D(1, 0, 0, 0, 1, 0, 0, 0, 1, -0.22929311, 1.0617851, 1.111064)
size = Vector3(6.199295, 0.5068054, 2.8908997)
material = ExtResource("3_l72w3")

[node name="DirectionalLight3D" type="DirectionalLight3D" parent="." unique_id=1453834677]
transform = Transform3D(-0.7507039, 0.26780933, 0.6039221, 0.641788, 0.078818165, 0.762821, 0.15669054, 0.9602426, -0.23104592, 2.8371449, 0.64910185, -0.81869984)
light_energy = 1.451
light_indirect_energy = 0.04
light_volumetric_fog_energy = 0.0
directional_shadow_mode = 0
directional_shadow_max_distance = 27.7
