[gd_scene format=3 uid="uid://pqbd3i4lbv5o"]

[ext_resource type="Script" uid="uid://rpfwvykhmjjm" path="res://scripts/pawn/mob/LiveMob.cs" id="1_ex06h"]
[ext_resource type="PackedScene" uid="uid://nbh27dtdq18n" path="res://scenes/pawn/player/KincheePlayer.blend" id="1_sup6k"]

[sub_resource type="AnimationNodeAdd2" id="AnimationNodeAdd2_hhn42"]
filter_enabled = true
filters = ["Armature/Skeleton3D:Clavicle.L", "Armature/Skeleton3D:Clavicle.R", "Armature/Skeleton3D:Hand.L", "Armature/Skeleton3D:Hand.R", "Armature/Skeleton3D:LowerArm.L", "Armature/Skeleton3D:LowerArm.R", "Armature/Skeleton3D:UpperArm.L", "Armature/Skeleton3D:UpperArm.R"]

[sub_resource type="AnimationNodeAnimation" id="AnimationNodeAnimation_jrfuh"]
animation = &"holdtype_shotgun"

[sub_resource type="AnimationNodeAnimation" id="AnimationNodeAnimation_hhn42"]
animation = &"walk"

[sub_resource type="AnimationNodeStateMachine" id="AnimationNodeStateMachine_hhn42"]

[sub_resource type="AnimationNodeBlendTree" id="AnimationNodeBlendTree_jrfuh"]
graph_offset = Vector2(-1523.561, 40.493317)
nodes/output/position = Vector2(40, 80)
nodes/Animation/node = SubResource("AnimationNodeAnimation_hhn42")
nodes/Animation/position = Vector2(-380, 80)
nodes/Add2/node = SubResource("AnimationNodeAdd2_hhn42")
nodes/Add2/position = Vector2(-180, 80)
"nodes/Animation 2/node" = SubResource("AnimationNodeAnimation_jrfuh")
"nodes/Animation 2/position" = Vector2(-380, 260)
nodes/StateMachine/node = SubResource("AnimationNodeStateMachine_hhn42")
nodes/StateMachine/position = Vector2(-740, 140)
node_connections = [&"output", 0, &"Add2", &"Add2", 0, &"Animation", &"Add2", 1, &"Animation 2"]

[sub_resource type="CapsuleShape3D" id="CapsuleShape3D_drloa"]
radius = 0.1
height = 0.45

[sub_resource type="CapsuleShape3D" id="CapsuleShape3D_ufksc"]
radius = 0.08
height = 0.52

[sub_resource type="CapsuleShape3D" id="CapsuleShape3D_fx5p6"]
radius = 0.1
height = 0.39

[sub_resource type="CapsuleShape3D" id="CapsuleShape3D_l4il3"]
radius = 0.14
height = 0.35

[sub_resource type="CapsuleShape3D" id="CapsuleShape3D_e5eql"]
radius = 0.16
height = 0.38

[sub_resource type="CapsuleShape3D" id="CapsuleShape3D_l00qg"]
radius = 0.09
height = 0.3

[sub_resource type="CapsuleShape3D" id="CapsuleShape3D_igqow"]
radius = 0.06
height = 0.33

[sub_resource type="CapsuleShape3D" id="CapsuleShape3D_36gnr"]
radius = 0.05
height = 0.33

[sub_resource type="CapsuleShape3D" id="CapsuleShape3D_uoj7a"]
radius = 0.065
height = 0.13

[sub_resource type="CapsuleShape3D" id="CapsuleShape3D_tbe8m"]
radius = 0.06
height = 0.28

[sub_resource type="CapsuleShape3D" id="CapsuleShape3D_xhrtx"]
radius = 0.065
height = 0.2

[sub_resource type="CapsuleShape3D" id="CapsuleShape3D_0uf52"]
radius = 0.1
height = 0.25

[sub_resource type="CapsuleShape3D" id="CapsuleShape3D_ex06h"]
radius = 0.4
height = 1.7

[sub_resource type="SceneReplicationConfig" id="SceneReplicationConfig_drloa"]
properties/0/path = NodePath(".:position")
properties/0/spawn = true
properties/0/replication_mode = 2
properties/1/path = NodePath(".:rotation:y")
properties/1/spawn = true
properties/1/replication_mode = 2
properties/2/path = NodePath(".:MaxHealth")
properties/2/spawn = true
properties/2/replication_mode = 2
properties/3/path = NodePath(".:Health")
properties/3/spawn = true
properties/3/replication_mode = 1
properties/4/path = NodePath(".:Armor")
properties/4/spawn = true
properties/4/replication_mode = 1
properties/5/path = NodePath(".:Active")
properties/5/spawn = true
properties/5/replication_mode = 1

[node name="Mob" type="CharacterBody3D" unique_id=2115086269 node_paths=PackedStringArray("worldModels", "navigationAgent3D", "collisionShape3D", "animationPlayer")]
collision_layer = 2
collision_mask = 3
input_ray_pickable = false
floor_constant_speed = true
platform_on_leave = 2
script = ExtResource("1_ex06h")
worldModels = NodePath("WorldModels")
navigationAgent3D = NodePath("NavigationAgent3D")
collisionShape3D = NodePath("CollisionShape3D")
animationPlayer = NodePath("WorldModels/KincheePlayer/AnimationPlayer")

[node name="WorldModels" type="Node3D" parent="." unique_id=195520531]

[node name="KincheePlayer" parent="WorldModels" unique_id=51662591 instance=ExtResource("1_sup6k")]

[node name="AnimationTree" type="AnimationTree" parent="WorldModels/KincheePlayer" unique_id=1108003207]
tree_root = SubResource("AnimationNodeBlendTree_jrfuh")
anim_player = NodePath("../AnimationPlayer")
parameters/Add2/add_amount = 1.0

[node name="UpperLeg_L" type="BoneAttachment3D" parent="WorldModels/KincheePlayer" unique_id=783349946]
physics_interpolation_mode = 0
transform = Transform3D(-0.0023190333, 0.07493012, -0.99718606, -0.025144706, -0.99687773, -0.0748485, -0.999678, 0.024900448, 0.0041959267, 0.09763097, 0.86671174, -0.030339018)
bone_name = "UpperLeg.L"
bone_idx = 1
use_external_skeleton = true
external_skeleton = NodePath("../Armature/Skeleton3D")

[node name="StaticBody3D" type="StaticBody3D" parent="WorldModels/KincheePlayer/UpperLeg_L" unique_id=1474823420]
collision_layer = 4
collision_mask = 0
input_ray_pickable = false

[node name="CollisionShape3D" type="CollisionShape3D" parent="WorldModels/KincheePlayer/UpperLeg_L/StaticBody3D" unique_id=2075434016]
transform = Transform3D(0.99999994, -1.8626451e-09, -2.3283064e-10, -1.8626451e-09, 0.9999999, -1.371518e-08, 0, 2.4519977e-09, 1, 0, 0.14, 0)
shape = SubResource("CapsuleShape3D_drloa")
debug_color = Color(0, 0.6, 0.69803923, 1)

[node name="UpperLeg_R" type="BoneAttachment3D" parent="WorldModels/KincheePlayer" unique_id=479426311]
physics_interpolation_mode = 0
transform = Transform3D(-0.0025668517, -0.061291333, 0.9981168, 0.6525898, -0.7563921, -0.044769503, 0.75771743, 0.65124077, 0.041939262, -0.09763095, 0.86671174, -0.030339018)
bone_name = "UpperLeg.R"
bone_idx = 46
use_external_skeleton = true
external_skeleton = NodePath("../Armature/Skeleton3D")

[node name="StaticBody3D" type="StaticBody3D" parent="WorldModels/KincheePlayer/UpperLeg_R" unique_id=120913076]
collision_layer = 4
collision_mask = 0
input_ray_pickable = false

[node name="CollisionShape3D" type="CollisionShape3D" parent="WorldModels/KincheePlayer/UpperLeg_R/StaticBody3D" unique_id=1476010700]
transform = Transform3D(1, 0, 0, 0, 1.0000001, 6.5701897e-09, 4.656613e-10, -5.2532414e-09, 1.0000001, 0, 0.14, 0)
shape = SubResource("CapsuleShape3D_drloa")
debug_color = Color(0, 0.6, 0.69803923, 1)

[node name="LowerLeg_L" type="BoneAttachment3D" parent="WorldModels/KincheePlayer" unique_id=890211340]
physics_interpolation_mode = 0
transform = Transform3D(0.0030845087, -0.019037142, -0.99981403, 0.27819002, -0.9603353, 0.019143641, -0.9605181, -0.27819636, 0.0023338106, 0.12412585, 0.5142213, -0.021534357)
bone_name = "LowerLeg.L"
bone_idx = 2
use_external_skeleton = true
external_skeleton = NodePath("../Armature/Skeleton3D")

[node name="StaticBody3D" type="StaticBody3D" parent="WorldModels/KincheePlayer/LowerLeg_L" unique_id=25503264]
collision_layer = 4
collision_mask = 0
input_ray_pickable = false

[node name="CollisionShape3D" type="CollisionShape3D" parent="WorldModels/KincheePlayer/LowerLeg_L/StaticBody3D" unique_id=721517524]
transform = Transform3D(1, 9.313226e-10, -4.656613e-10, 0, 0.9999999, -1.6707418e-08, -2.3283064e-10, -1.6698323e-09, 1, 0, 0.19, 0)
shape = SubResource("CapsuleShape3D_ufksc")
debug_color = Color(0, 0.6, 0.69803923, 1)

[node name="LowerLeg_R" type="BoneAttachment3D" parent="WorldModels/KincheePlayer" unique_id=959043768]
physics_interpolation_mode = 0
transform = Transform3D(0.0029776245, 0.03270242, 0.9994608, -0.23152523, -0.9722893, 0.032503128, 0.9728271, -0.23150493, 0.0046764947, -0.1193032, 0.5992557, 0.19993612)
bone_name = "LowerLeg.R"
bone_idx = 47
use_external_skeleton = true
external_skeleton = NodePath("../Armature/Skeleton3D")

[node name="StaticBody3D" type="StaticBody3D" parent="WorldModels/KincheePlayer/LowerLeg_R" unique_id=1454688769]
collision_layer = 4
collision_mask = 0
input_ray_pickable = false

[node name="CollisionShape3D" type="CollisionShape3D" parent="WorldModels/KincheePlayer/LowerLeg_R/StaticBody3D" unique_id=742628442]
transform = Transform3D(1, 9.313226e-10, -4.656613e-10, 0, 0.9999999, -1.6707418e-08, -2.3283064e-10, -1.6698323e-09, 1, 0, 0.19, 0)
shape = SubResource("CapsuleShape3D_ufksc")
debug_color = Color(0, 0.6, 0.69803923, 1)

[node name="Hip" type="BoneAttachment3D" parent="WorldModels/KincheePlayer" unique_id=1324564009]
physics_interpolation_mode = 0
transform = Transform3D(1, 1.8395843e-07, -1.8097198e-07, -1.8395843e-07, 1, 1.637097e-14, 1.8097198e-07, 1.6920352e-14, 1, -8.92087e-15, 0.8804479, -0.036280114)
bone_name = "Hip"
bone_idx = 0
use_external_skeleton = true
external_skeleton = NodePath("../Armature/Skeleton3D")

[node name="StaticBody3D" type="StaticBody3D" parent="WorldModels/KincheePlayer/Hip" unique_id=1497762352]
collision_layer = 4
collision_mask = 0
input_ray_pickable = false

[node name="CollisionShape3D" type="CollisionShape3D" parent="WorldModels/KincheePlayer/Hip/StaticBody3D" unique_id=925177648]
transform = Transform3D(-4.371138e-08, -0.9999999, 0, 0.99999994, -4.371138e-08, 0, -5.759824e-20, 0, 1, 0, 0.06, 0)
shape = SubResource("CapsuleShape3D_fx5p6")
debug_color = Color(0, 0.6, 0.69803923, 1)

[node name="LowerSpine" type="BoneAttachment3D" parent="WorldModels/KincheePlayer" unique_id=1917111881]
physics_interpolation_mode = 0
transform = Transform3D(1, -1.2266716e-07, 3.590942e-07, 1.2266716e-07, 1, 2.7128702e-14, -3.590942e-07, 1.6920357e-14, 1, 2.1785139e-08, 0.9988723, -0.036280114)
bone_name = "LowerSpine"
bone_idx = 4
use_external_skeleton = true
external_skeleton = NodePath("../Armature/Skeleton3D")

[node name="StaticBody3D" type="StaticBody3D" parent="WorldModels/KincheePlayer/LowerSpine" unique_id=480533395]
collision_layer = 4
collision_mask = 0
input_ray_pickable = false

[node name="CollisionShape3D" type="CollisionShape3D" parent="WorldModels/KincheePlayer/LowerSpine/StaticBody3D" unique_id=117142670]
transform = Transform3D(-4.371138e-08, -0.9999999, 0, 0.99999994, -4.371138e-08, 0, -4.7433845e-20, 0, 1, 0, 0.1, 0)
shape = SubResource("CapsuleShape3D_l4il3")
debug_color = Color(0, 0.6, 0.69803923, 1)

[node name="UpperSpine" type="BoneAttachment3D" parent="WorldModels/KincheePlayer" unique_id=39835053]
physics_interpolation_mode = 0
transform = Transform3D(1, 1.5817764e-20, -2.842171e-14, 9.74176e-21, 1, -1.6920366e-14, 2.842171e-14, 1.6920357e-14, 1, -4.7961635e-14, 1.176468, -0.036280114)
bone_name = "UpperSpine"
bone_idx = 5
use_external_skeleton = true
external_skeleton = NodePath("../Armature/Skeleton3D")

[node name="StaticBody3D" type="StaticBody3D" parent="WorldModels/KincheePlayer/UpperSpine" unique_id=1472259595]
collision_layer = 4
collision_mask = 0
input_ray_pickable = false

[node name="CollisionShape3D" type="CollisionShape3D" parent="WorldModels/KincheePlayer/UpperSpine/StaticBody3D" unique_id=1559572312]
transform = Transform3D(-4.371138e-08, -0.9999999, 0, 0.99999994, -4.371138e-08, 0, -4.7433845e-20, 0, 1, 0, 0.14, 0)
shape = SubResource("CapsuleShape3D_e5eql")
debug_color = Color(0, 0.6, 0.69803923, 1)

[node name="Clavicle_L" type="BoneAttachment3D" parent="WorldModels/KincheePlayer" unique_id=1751432209]
physics_interpolation_mode = 0
transform = Transform3D(-0.24653517, 0.8971616, -0.3664986, -0.9645367, -0.26393402, 0.0027306974, -0.09428161, 0.3541746, 0.93041456, -4.796163e-14, 1.4818286, -0.036280114)
bone_name = "Clavicle.L"
bone_idx = 6
use_external_skeleton = true
external_skeleton = NodePath("../Armature/Skeleton3D")

[node name="StaticBody3D" type="StaticBody3D" parent="WorldModels/KincheePlayer/Clavicle_L" unique_id=2011593338]
collision_layer = 4
collision_mask = 0
input_ray_pickable = false

[node name="CollisionShape3D" type="CollisionShape3D" parent="WorldModels/KincheePlayer/Clavicle_L/StaticBody3D" unique_id=1636414043]
transform = Transform3D(0.99999994, 0, 0, 0, 0.9999999, 0, 0, 0, 1, 0.025, 0.1, 0)
shape = SubResource("CapsuleShape3D_l00qg")
debug_color = Color(0, 0.6, 0.69803923, 1)

[node name="Clavicle_R" type="BoneAttachment3D" parent="WorldModels/KincheePlayer" unique_id=1931364052]
physics_interpolation_mode = 0
transform = Transform3D(-0.331982, -0.91402227, -0.23313348, 0.94079494, -0.30288494, -0.15220232, 0.068503685, -0.26985925, 0.9604599, -4.796163e-14, 1.4818286, -0.036280114)
bone_name = "Clavicle.R"
bone_idx = 27
use_external_skeleton = true
external_skeleton = NodePath("../Armature/Skeleton3D")

[node name="StaticBody3D" type="StaticBody3D" parent="WorldModels/KincheePlayer/Clavicle_R" unique_id=1446124060]
collision_layer = 4
collision_mask = 0
input_ray_pickable = false

[node name="CollisionShape3D" type="CollisionShape3D" parent="WorldModels/KincheePlayer/Clavicle_R/StaticBody3D" unique_id=737716221]
transform = Transform3D(0.99999994, 0, 0, 0, 0.9999999, 0, 0, 0, 1, -0.025, 0.1, 0)
shape = SubResource("CapsuleShape3D_l00qg")
debug_color = Color(0, 0.6, 0.69803923, 1)

[node name="UpperArm_L" type="BoneAttachment3D" parent="WorldModels/KincheePlayer" unique_id=167078909]
physics_interpolation_mode = 0
transform = Transform3D(-0.0010144562, -0.37420204, -0.9273464, -0.76997435, -0.5914238, 0.23949312, -0.6380738, 0.7142761, -0.28752607, 0.18246235, 1.4281504, 0.03575098)
bone_name = "UpperArm.L"
bone_idx = 7
use_external_skeleton = true
external_skeleton = NodePath("../Armature/Skeleton3D")

[node name="StaticBody3D" type="StaticBody3D" parent="WorldModels/KincheePlayer/UpperArm_L" unique_id=994719266]
collision_layer = 4
collision_mask = 0
input_ray_pickable = false

[node name="CollisionShape3D" type="CollisionShape3D" parent="WorldModels/KincheePlayer/UpperArm_L/StaticBody3D" unique_id=507353084]
transform = Transform3D(0.99999994, 0, 0, 0, 0.9999999, 0, 0, 0, 1, 0, 0.13, 0)
shape = SubResource("CapsuleShape3D_igqow")
debug_color = Color(0, 0.6, 0.69803923, 1)

[node name="UpperArm_R" type="BoneAttachment3D" parent="WorldModels/KincheePlayer" unique_id=1593488526]
physics_interpolation_mode = 0
transform = Transform3D(-0.40131727, -0.071217574, 0.91316605, -0.045371637, -0.99420285, -0.09747743, 0.9148146, -0.080551244, 0.39575952, -0.18589145, 1.4202287, -0.09116337)
bone_name = "UpperArm.R"
bone_idx = 28
use_external_skeleton = true
external_skeleton = NodePath("../Armature/Skeleton3D")

[node name="StaticBody3D" type="StaticBody3D" parent="WorldModels/KincheePlayer/UpperArm_R" unique_id=235136996]
collision_layer = 4
collision_mask = 0
input_ray_pickable = false

[node name="CollisionShape3D" type="CollisionShape3D" parent="WorldModels/KincheePlayer/UpperArm_R/StaticBody3D" unique_id=1193379155]
transform = Transform3D(0.99999994, 0, 0, 0, 0.9999999, 0, 0, 0, 1, 0, 0.13, 0)
shape = SubResource("CapsuleShape3D_igqow")
debug_color = Color(0, 0.6, 0.69803923, 1)

[node name="LowerArm_L" type="BoneAttachment3D" parent="WorldModels/KincheePlayer" unique_id=1028364045]
physics_interpolation_mode = 0
transform = Transform3D(-0.5569854, -0.61272365, -0.56065726, -0.6934242, -0.028443314, 0.7199676, -0.4570883, 0.78978497, -0.40903503, 0.090422064, 1.2826815, 0.21143731)
bone_name = "LowerArm.L"
bone_idx = 8
use_external_skeleton = true
external_skeleton = NodePath("../Armature/Skeleton3D")

[node name="StaticBody3D" type="StaticBody3D" parent="WorldModels/KincheePlayer/LowerArm_L" unique_id=969531837]
collision_layer = 4
collision_mask = 0
input_ray_pickable = false

[node name="CollisionShape3D" type="CollisionShape3D" parent="WorldModels/KincheePlayer/LowerArm_L/StaticBody3D" unique_id=865108705]
transform = Transform3D(0.99999994, 0, 0, 0, 0.9999999, 0, 0, 0, 1, 0, 0.12, 0)
shape = SubResource("CapsuleShape3D_36gnr")
debug_color = Color(0, 0.6, 0.69803923, 1)

[node name="LowerArm_R" type="BoneAttachment3D" parent="WorldModels/KincheePlayer" unique_id=968075199]
physics_interpolation_mode = 0
transform = Transform3D(0.41198736, 0.22971639, 0.8817576, 0.845732, 0.26375052, -0.46386737, -0.33912206, 0.93683827, -0.08561677, -0.20340843, 1.1756905, -0.11097602)
bone_name = "LowerArm.R"
bone_idx = 29
use_external_skeleton = true
external_skeleton = NodePath("../Armature/Skeleton3D")

[node name="StaticBody3D" type="StaticBody3D" parent="WorldModels/KincheePlayer/LowerArm_R" unique_id=1447812283]
collision_layer = 4
collision_mask = 0
input_ray_pickable = false

[node name="CollisionShape3D" type="CollisionShape3D" parent="WorldModels/KincheePlayer/LowerArm_R/StaticBody3D" unique_id=1733251740]
transform = Transform3D(0.99999994, 0, 0, 0, 0.9999999, 0, 0, 0, 1, 0, 0.12, 0)
shape = SubResource("CapsuleShape3D_36gnr")
debug_color = Color(0, 0.6, 0.69803923, 1)

[node name="Hand_L" type="BoneAttachment3D" parent="WorldModels/KincheePlayer" unique_id=1437227629]
physics_interpolation_mode = 0
transform = Transform3D(-0.8156353, -0.5782879, -0.017935544, 0.014614522, -0.051583063, 0.9985614, -0.5783814, 0.8142001, 0.050524414, -0.062857315, 1.275566, 0.40901035)
bone_name = "Hand.L"
bone_idx = 9
use_external_skeleton = true
external_skeleton = NodePath("../Armature/Skeleton3D")

[node name="StaticBody3D" type="StaticBody3D" parent="WorldModels/KincheePlayer/Hand_L" unique_id=2090416471]
collision_layer = 4
collision_mask = 0
input_ray_pickable = false

[node name="CollisionShape3D" type="CollisionShape3D" parent="WorldModels/KincheePlayer/Hand_L/StaticBody3D" unique_id=886020797]
transform = Transform3D(0.99999994, 0, 0, 0, 0.9999999, 0, 0, 0, 1, 0, 0.055, 0)
shape = SubResource("CapsuleShape3D_uoj7a")
debug_color = Color(0, 0.6, 0.69803923, 1)

[node name="Hand_R" type="BoneAttachment3D" parent="WorldModels/KincheePlayer" unique_id=473325551]
physics_interpolation_mode = 0
transform = Transform3D(0.15972054, -0.07967135, 0.9839418, 0.97076, -0.16826653, -0.17120543, 0.17920472, 0.9825166, 0.050466, -0.14594248, 1.2416704, 0.123384036)
bone_name = "Hand.R"
bone_idx = 30
use_external_skeleton = true
external_skeleton = NodePath("../Armature/Skeleton3D")

[node name="StaticBody3D" type="StaticBody3D" parent="WorldModels/KincheePlayer/Hand_R" unique_id=1943969537]
collision_layer = 4
collision_mask = 0
input_ray_pickable = false

[node name="CollisionShape3D" type="CollisionShape3D" parent="WorldModels/KincheePlayer/Hand_R/StaticBody3D" unique_id=62123684]
transform = Transform3D(0.99999994, 0, 0, 0, 0.9999999, 0, 0, 0, 1, 0, 0.055, 0)
shape = SubResource("CapsuleShape3D_uoj7a")
debug_color = Color(0, 0.6, 0.69803923, 1)

[node name="Foot_L" type="BoneAttachment3D" parent="WorldModels/KincheePlayer" unique_id=1259674566]
physics_interpolation_mode = 0
transform = Transform3D(0.090664, 0.25290892, -0.96323264, -0.821521, -0.5277272, -0.21588698, -0.562922, 0.81088644, 0.15992369, 0.11615461, 0.11210963, -0.13802075)
bone_name = "Foot.L"
bone_idx = 3
use_external_skeleton = true
external_skeleton = NodePath("../Armature/Skeleton3D")

[node name="StaticBody3D" type="StaticBody3D" parent="WorldModels/KincheePlayer/Foot_L" unique_id=1926933674]
collision_layer = 4
collision_mask = 0
input_ray_pickable = false

[node name="CollisionShape3D" type="CollisionShape3D" parent="WorldModels/KincheePlayer/Foot_L/StaticBody3D" unique_id=174986683]
transform = Transform3D(0.90630764, -0.4226182, -1.4901161e-08, 0.42261827, 0.90630764, 2.9802322e-08, 5.5879354e-09, -1.4901161e-08, 1, 0.009, 0.1, -0.002)
shape = SubResource("CapsuleShape3D_tbe8m")
debug_color = Color(0, 0.6, 0.69803923, 1)

[node name="Foot_R" type="BoneAttachment3D" parent="WorldModels/KincheePlayer" unique_id=1099799758]
physics_interpolation_mode = 0
transform = Transform3D(0.07253508, -0.2431602, 0.9672702, 0.9292391, -0.33581775, -0.15410374, 0.3623061, 0.9100014, 0.20159431, -0.10561003, 0.19213867, 0.103000365)
bone_name = "Foot.R"
bone_idx = 48
use_external_skeleton = true
external_skeleton = NodePath("../Armature/Skeleton3D")

[node name="StaticBody3D" type="StaticBody3D" parent="WorldModels/KincheePlayer/Foot_R" unique_id=171270125]
collision_layer = 4
collision_mask = 0
input_ray_pickable = false

[node name="CollisionShape3D" type="CollisionShape3D" parent="WorldModels/KincheePlayer/Foot_R/StaticBody3D" unique_id=954452055]
transform = Transform3D(0.90630764, 0.42261818, 0, -0.4226182, 0.9063076, 0, 0, 0, 1, -0.009, 0.1, -0.002)
shape = SubResource("CapsuleShape3D_tbe8m")
debug_color = Color(0, 0.6, 0.69803923, 1)

[node name="Neck" type="BoneAttachment3D" parent="WorldModels/KincheePlayer" unique_id=1729535675]
physics_interpolation_mode = 0
transform = Transform3D(1, -1.3953052e-15, 2.3841875e-07, 1.9155397e-08, 0.9967672, -0.080343485, -2.3764804e-07, 0.08034349, 0.99676716, -4.796163e-14, 1.4818286, -0.036280114)
bone_name = "Neck"
bone_idx = 25
use_external_skeleton = true
external_skeleton = NodePath("../Armature/Skeleton3D")

[node name="StaticBody3D" type="StaticBody3D" parent="WorldModels/KincheePlayer/Neck" unique_id=1025355973]
collision_layer = 4
collision_mask = 0
input_ray_pickable = false

[node name="CollisionShape3D" type="CollisionShape3D" parent="WorldModels/KincheePlayer/Neck/StaticBody3D" unique_id=306098893]
transform = Transform3D(0.99999994, 0, 0, 0, 0.9999999, 0, 0, 0, 1, 0, 0.075, 0.01)
shape = SubResource("CapsuleShape3D_xhrtx")
debug_color = Color(0, 0.6, 0.69803923, 1)

[node name="Head" type="BoneAttachment3D" parent="WorldModels/KincheePlayer" unique_id=492952831]
physics_interpolation_mode = 0
transform = Transform3D(1, -5.3290705e-15, 2.384187e-07, 2.829868e-08, 0.99293095, -0.11869317, -2.3673337e-07, 0.11869319, 0.9929308, -4.5279898e-14, 1.5845054, -0.028003946)
bone_name = "Head"
bone_idx = 26
use_external_skeleton = true
external_skeleton = NodePath("../Armature/Skeleton3D")

[node name="StaticBody3D" type="StaticBody3D" parent="WorldModels/KincheePlayer/Head" unique_id=185266771]
collision_layer = 4
collision_mask = 0
input_ray_pickable = false

[node name="CollisionShape3D" type="CollisionShape3D" parent="WorldModels/KincheePlayer/Head/StaticBody3D" unique_id=263410075]
transform = Transform3D(0.99999994, 0, 0, 0, 0.9999999, 0, 0, 0, 1, 0, 0.065, 0.015)
shape = SubResource("CapsuleShape3D_0uf52")
debug_color = Color(0, 0.6, 0.69803923, 1)

[node name="NavigationAgent3D" type="NavigationAgent3D" parent="." unique_id=1229671336]
avoidance_enabled = true
height = 1.8
radius = 0.6
neighbor_distance = 4.0
max_neighbors = 3

[node name="CollisionShape3D" type="CollisionShape3D" parent="." unique_id=866785201]
transform = Transform3D(1, 0, 0, 0, 1, 0, 0, 0, 1, 0, 0.9, 0)
shape = SubResource("CapsuleShape3D_ex06h")
debug_color = Color(0.7019608, 0.050980393, 0, 0.14901961)

[node name="MultiplayerSynchronizer" type="MultiplayerSynchronizer" parent="." unique_id=340207243]
replication_config = SubResource("SceneReplicationConfig_drloa")

[node name="AudioStreamPlayer3D" type="AudioStreamPlayer3D" parent="." unique_id=1638384440]
transform = Transform3D(1, 0, 0, 0, 1, 0, 0, 0, 1, 0, 1.5, 0)
