[gd_scene format=3 uid="uid://pqbd3i4lbv5o"]

[ext_resource type="Script" uid="uid://rpfwvykhmjjm" path="res://scripts/pawn/mob/LiveMob.cs" id="1_ex06h"]
[ext_resource type="PackedScene" uid="uid://ipy7m42gxqrm" path="res://scenes/pawn/mob/KincheePlayerMob.blend" id="2_hhn42"]

[sub_resource type="AnimationNodeAnimation" id="AnimationNodeAnimation_jrfuh"]
animation = &"mob_melee"

[sub_resource type="AnimationNodeAnimation" id="AnimationNodeAnimation_88d3u"]
animation = &"mob_melee"

[sub_resource type="AnimationNodeAnimation" id="AnimationNodeAnimation_hhn42"]
animation = &"walk"

[sub_resource type="AnimationNodeBlend2" id="AnimationNodeBlend2_g7wop"]
filter_enabled = true
filters = ["Armature/Skeleton3D:Clavicle.L", "Armature/Skeleton3D:Clavicle.R", "Armature/Skeleton3D:Hand.L", "Armature/Skeleton3D:Hand.R", "Armature/Skeleton3D:LowerArm.L", "Armature/Skeleton3D:LowerArm.R", "Armature/Skeleton3D:UpperArm.L", "Armature/Skeleton3D:UpperArm.R", "Armature/Skeleton3D:UpperSpine"]

[sub_resource type="AnimationNodeOneShot" id="AnimationNodeOneShot_g7wop"]
filter_enabled = true
filters = ["Armature/Skeleton3D:Clavicle.L", "Armature/Skeleton3D:Clavicle.R", "Armature/Skeleton3D:Hand.L", "Armature/Skeleton3D:Hand.R", "Armature/Skeleton3D:LowerArm.L", "Armature/Skeleton3D:LowerArm.R", "Armature/Skeleton3D:UpperArm.L", "Armature/Skeleton3D:UpperArm.R", "Armature/Skeleton3D:UpperSpine"]

[sub_resource type="AnimationNodeTimeScale" id="AnimationNodeTimeScale_hhn42"]

[sub_resource type="AnimationNodeBlendTree" id="AnimationNodeBlendTree_jrfuh"]
graph_offset = Vector2(-1254, -11)
nodes/output/position = Vector2(340, 80)
nodes/Animation/node = SubResource("AnimationNodeAnimation_hhn42")
nodes/Animation/position = Vector2(-900, 80)
"nodes/Animation 3/node" = SubResource("AnimationNodeAnimation_88d3u")
"nodes/Animation 3/position" = Vector2(-460, 280)
"nodes/Animation 2/node" = SubResource("AnimationNodeAnimation_jrfuh")
"nodes/Animation 2/position" = Vector2(-40, 220)
nodes/oneshot_melee/node = SubResource("AnimationNodeOneShot_g7wop")
nodes/oneshot_melee/position = Vector2(140, 80)
nodes/timescale_walk/node = SubResource("AnimationNodeTimeScale_hhn42")
nodes/timescale_walk/position = Vector2(-580, 80)
nodes/Blend2/node = SubResource("AnimationNodeBlend2_g7wop")
nodes/Blend2/position = Vector2(-220, 80)
node_connections = [&"output", 0, &"oneshot_melee", &"oneshot_melee", 0, &"Blend2", &"oneshot_melee", 1, &"Animation 2", &"timescale_walk", 0, &"Animation", &"Blend2", 0, &"timescale_walk", &"Blend2", 1, &"Animation 3"]

[sub_resource type="CapsuleShape3D" id="CapsuleShape3D_drloa"]
radius = 0.1
height = 0.45

[sub_resource type="CapsuleShape3D" id="CapsuleShape3D_ufksc"]
radius = 0.08
height = 0.52

[sub_resource type="CapsuleShape3D" id="CapsuleShape3D_fx5p6"]
radius = 0.1
height = 0.39

[sub_resource type="CapsuleShape3D" id="CapsuleShape3D_l4il3"]
radius = 0.15
height = 0.35

[sub_resource type="CapsuleShape3D" id="CapsuleShape3D_e5eql"]
radius = 0.16
height = 0.38

[sub_resource type="CapsuleShape3D" id="CapsuleShape3D_l00qg"]
radius = 0.09
height = 0.3

[sub_resource type="CapsuleShape3D" id="CapsuleShape3D_igqow"]
radius = 0.06
height = 0.33

[sub_resource type="CapsuleShape3D" id="CapsuleShape3D_36gnr"]
radius = 0.058
height = 0.33

[sub_resource type="CapsuleShape3D" id="CapsuleShape3D_uoj7a"]
radius = 0.045
height = 0.19441406

[sub_resource type="CapsuleShape3D" id="CapsuleShape3D_tbe8m"]
radius = 0.06
height = 0.28

[sub_resource type="CapsuleShape3D" id="CapsuleShape3D_xhrtx"]
radius = 0.065
height = 0.2

[sub_resource type="CapsuleShape3D" id="CapsuleShape3D_0uf52"]
radius = 0.1
height = 0.25

[sub_resource type="CapsuleShape3D" id="CapsuleShape3D_ex06h"]
radius = 0.4
height = 1.7

[sub_resource type="SceneReplicationConfig" id="SceneReplicationConfig_drloa"]
properties/0/path = NodePath(".:position")
properties/0/spawn = true
properties/0/replication_mode = 2
properties/1/path = NodePath(".:rotation:y")
properties/1/spawn = true
properties/1/replication_mode = 2
properties/2/path = NodePath(".:MaxHealth")
properties/2/spawn = true
properties/2/replication_mode = 2
properties/3/path = NodePath(".:Health")
properties/3/spawn = true
properties/3/replication_mode = 2
properties/4/path = NodePath(".:Armor")
properties/4/spawn = true
properties/4/replication_mode = 2
properties/5/path = NodePath(".:Active")
properties/5/spawn = true
properties/5/replication_mode = 2

[node name="Mob" type="CharacterBody3D" unique_id=2115086269 node_paths=PackedStringArray("worldModels", "navigationAgent3D", "collisionShape3D", "animationTree")]
collision_layer = 2
collision_mask = 3
input_ray_pickable = false
floor_constant_speed = true
floor_max_angle = 0.87266463
script = ExtResource("1_ex06h")
worldModels = NodePath("WorldModels")
navigationAgent3D = NodePath("NavigationAgent3D")
collisionShape3D = NodePath("CollisionShape3D")
animationTree = NodePath("WorldModels/KincheePlayerMob/AnimationTree")

[node name="WorldModels" type="Node3D" parent="." unique_id=195520531]
transform = Transform3D(1.05, 0, 0, 0, 1.05, 0, 0, 0, 1.05, 0, 0, 0)

[node name="KincheePlayerMob" parent="WorldModels" unique_id=1865624654 instance=ExtResource("2_hhn42")]

[node name="AnimationTree" type="AnimationTree" parent="WorldModels/KincheePlayerMob" unique_id=394958874]
tree_root = SubResource("AnimationNodeBlendTree_jrfuh")
anim_player = NodePath("../AnimationPlayer")
parameters/oneshot_melee/active = false
parameters/oneshot_melee/internal_active = false
parameters/oneshot_melee/request = 0
parameters/timescale_walk/scale = 1.0
parameters/Blend2/blend_amount = 1.0

[node name="UpperLeg_L" type="BoneAttachment3D" parent="WorldModels/KincheePlayerMob" unique_id=1453147456]
physics_interpolation_mode = 0
transform = Transform3D(-0.002319213, 0.074930914, -0.99718606, -0.30753842, -0.94891334, -0.07058837, -0.9515296, 0.30651018, 0.02524489, 0.09763097, 0.86671174, -0.030339016)
bone_name = "UpperLeg.L"
bone_idx = 1
use_external_skeleton = true
external_skeleton = NodePath("../Armature/Skeleton3D")

[node name="StaticBody3D" type="StaticBody3D" parent="WorldModels/KincheePlayerMob/UpperLeg_L" unique_id=1891059043]
collision_layer = 4
collision_mask = 0
input_ray_pickable = false

[node name="CollisionShape3D" type="CollisionShape3D" parent="WorldModels/KincheePlayerMob/UpperLeg_L/StaticBody3D" unique_id=1146053894]
transform = Transform3D(0.99999994, -1.8626451e-09, -2.3283064e-10, -1.8626451e-09, 0.9999999, -1.371518e-08, 0, 2.4519977e-09, 1, 0, 0.14, 0)
shape = SubResource("CapsuleShape3D_drloa")
debug_color = Color(0, 0.6, 0.69803923, 1)

[node name="UpperLeg_R" type="BoneAttachment3D" parent="WorldModels/KincheePlayerMob" unique_id=1118039744]
physics_interpolation_mode = 0
transform = Transform3D(-0.002567642, -0.061291967, 0.9981167, 0.4005337, -0.9146232, -0.055134486, 0.916287, 0.3996347, 0.026897734, -0.09763095, 0.86671174, -0.030339016)
bone_name = "UpperLeg.R"
bone_idx = 46
use_external_skeleton = true
external_skeleton = NodePath("../Armature/Skeleton3D")

[node name="StaticBody3D" type="StaticBody3D" parent="WorldModels/KincheePlayerMob/UpperLeg_R" unique_id=1990782068]
collision_layer = 4
collision_mask = 0
input_ray_pickable = false

[node name="CollisionShape3D" type="CollisionShape3D" parent="WorldModels/KincheePlayerMob/UpperLeg_R/StaticBody3D" unique_id=1531352371]
transform = Transform3D(1, 0, 0, 0, 1.0000001, 6.5701897e-09, 4.656613e-10, -5.2532414e-09, 1.0000001, 0, 0.14, 0)
shape = SubResource("CapsuleShape3D_drloa")
debug_color = Color(0, 0.6, 0.69803923, 1)

[node name="LowerLeg_L" type="BoneAttachment3D" parent="WorldModels/KincheePlayerMob" unique_id=871783084]
physics_interpolation_mode = 0
transform = Transform3D(0.0030838437, -0.019036662, -0.9998141, 0.2591764, -0.96563905, 0.019185334, -0.96582276, -0.2591852, 0.0019558985, 0.12412614, 0.5311812, 0.0780413)
bone_name = "LowerLeg.L"
bone_idx = 2
use_external_skeleton = true
external_skeleton = NodePath("../Armature/Skeleton3D")

[node name="StaticBody3D" type="StaticBody3D" parent="WorldModels/KincheePlayerMob/LowerLeg_L" unique_id=1322340708]
collision_layer = 4
collision_mask = 0
input_ray_pickable = false

[node name="CollisionShape3D" type="CollisionShape3D" parent="WorldModels/KincheePlayerMob/LowerLeg_L/StaticBody3D" unique_id=1824569290]
transform = Transform3D(1, 9.313226e-10, -4.656613e-10, 0, 0.9999999, -1.6707418e-08, -2.3283064e-10, -1.6698323e-09, 1, 0, 0.19, 0)
shape = SubResource("CapsuleShape3D_ufksc")
debug_color = Color(0, 0.6, 0.69803923, 1)

[node name="LowerLeg_R" type="BoneAttachment3D" parent="WorldModels/KincheePlayerMob" unique_id=519781593]
physics_interpolation_mode = 0
transform = Transform3D(0.0029763205, 0.032703396, 0.9994608, -0.25732714, -0.9657836, 0.032367732, 0.9663247, -0.25729153, 0.005541185, -0.119303405, 0.543306, 0.11096962)
bone_name = "LowerLeg.R"
bone_idx = 47
use_external_skeleton = true
external_skeleton = NodePath("../Armature/Skeleton3D")

[node name="StaticBody3D" type="StaticBody3D" parent="WorldModels/KincheePlayerMob/LowerLeg_R" unique_id=1756617393]
collision_layer = 4
collision_mask = 0
input_ray_pickable = false

[node name="CollisionShape3D" type="CollisionShape3D" parent="WorldModels/KincheePlayerMob/LowerLeg_R/StaticBody3D" unique_id=1181168680]
transform = Transform3D(1, 9.313226e-10, -4.656613e-10, 0, 0.9999999, -1.6707418e-08, -2.3283064e-10, -1.6698323e-09, 1, 0, 0.19, 0)
shape = SubResource("CapsuleShape3D_ufksc")
debug_color = Color(0, 0.6, 0.69803923, 1)

[node name="Hip" type="BoneAttachment3D" parent="WorldModels/KincheePlayerMob" unique_id=1576966062]
physics_interpolation_mode = 0
transform = Transform3D(0.99999994, 1.8395843e-07, -1.8097198e-07, -1.8395843e-07, 0.99999994, 1.6370968e-14, 1.8097198e-07, 1.692035e-14, 0.99999994, -8.92087e-15, 0.8804479, -0.036280114)
bone_name = "Hip"
bone_idx = 0
use_external_skeleton = true
external_skeleton = NodePath("../Armature/Skeleton3D")

[node name="StaticBody3D" type="StaticBody3D" parent="WorldModels/KincheePlayerMob/Hip" unique_id=708179157]
collision_layer = 4
collision_mask = 0
input_ray_pickable = false

[node name="CollisionShape3D" type="CollisionShape3D" parent="WorldModels/KincheePlayerMob/Hip/StaticBody3D" unique_id=1781605290]
transform = Transform3D(-4.371138e-08, -0.9999999, 0, 0.99999994, -4.371138e-08, 0, -5.759824e-20, 0, 1, 0, 0.06, 0)
shape = SubResource("CapsuleShape3D_fx5p6")
debug_color = Color(0, 0.6, 0.69803923, 1)

[node name="LowerSpine" type="BoneAttachment3D" parent="WorldModels/KincheePlayerMob" unique_id=2088149655]
physics_interpolation_mode = 0
transform = Transform3D(0.99999994, -1.2266715e-07, 3.590942e-07, 1.2266715e-07, 0.99999994, 2.71287e-14, -3.590942e-07, 1.6920356e-14, 0.99999994, 2.1785139e-08, 0.9988722, -0.036280114)
bone_name = "LowerSpine"
bone_idx = 4
use_external_skeleton = true
external_skeleton = NodePath("../Armature/Skeleton3D")

[node name="StaticBody3D" type="StaticBody3D" parent="WorldModels/KincheePlayerMob/LowerSpine" unique_id=514858960]
collision_layer = 4
collision_mask = 0
input_ray_pickable = false

[node name="CollisionShape3D" type="CollisionShape3D" parent="WorldModels/KincheePlayerMob/LowerSpine/StaticBody3D" unique_id=1446875631]
transform = Transform3D(-4.371138e-08, -0.9999999, 0, 0.99999994, -4.371138e-08, 0, -4.7433845e-20, 0, 1, 0, 0.1, 0)
shape = SubResource("CapsuleShape3D_l4il3")
debug_color = Color(0, 0.6, 0.69803923, 1)

[node name="UpperSpine" type="BoneAttachment3D" parent="WorldModels/KincheePlayerMob" unique_id=172465682]
physics_interpolation_mode = 0
transform = Transform3D(0.99999994, 1.5817764e-20, -2.8421708e-14, 9.741759e-21, 0.99999994, -1.6920366e-14, 2.8421708e-14, 1.6920356e-14, 0.99999994, -4.796163e-14, 1.176468, -0.036280114)
bone_name = "UpperSpine"
bone_idx = 5
use_external_skeleton = true
external_skeleton = NodePath("../Armature/Skeleton3D")

[node name="StaticBody3D" type="StaticBody3D" parent="WorldModels/KincheePlayerMob/UpperSpine" unique_id=190473318]
collision_layer = 4
collision_mask = 0
input_ray_pickable = false

[node name="CollisionShape3D" type="CollisionShape3D" parent="WorldModels/KincheePlayerMob/UpperSpine/StaticBody3D" unique_id=628477364]
transform = Transform3D(-4.371138e-08, -0.9999999, 0, 0.99999994, -4.371138e-08, 0, -4.7433845e-20, 0, 1, 0, 0.14, 0)
shape = SubResource("CapsuleShape3D_e5eql")
debug_color = Color(0, 0.6, 0.69803923, 1)

[node name="Clavicle_L" type="BoneAttachment3D" parent="WorldModels/KincheePlayerMob" unique_id=532235489]
physics_interpolation_mode = 0
transform = Transform3D(-0.2638975, 0.9640956, -0.029628767, -0.96453667, -0.26393437, 0.0027308073, -0.0051872903, 0.02929869, 0.9995572, -4.7961628e-14, 1.4818285, -0.036280114)
bone_name = "Clavicle.L"
bone_idx = 6
use_external_skeleton = true
external_skeleton = NodePath("../Armature/Skeleton3D")

[node name="StaticBody3D" type="StaticBody3D" parent="WorldModels/KincheePlayerMob/Clavicle_L" unique_id=1779322244]
collision_layer = 4
collision_mask = 0
input_ray_pickable = false

[node name="CollisionShape3D" type="CollisionShape3D" parent="WorldModels/KincheePlayerMob/Clavicle_L/StaticBody3D" unique_id=1843935373]
transform = Transform3D(0.99999994, 0, 0, 0, 0.9999999, 0, 0, 0, 1, 0.025, 0.1, 0)
shape = SubResource("CapsuleShape3D_l00qg")
debug_color = Color(0, 0.6, 0.69803923, 1)

[node name="Clavicle_R" type="BoneAttachment3D" parent="WorldModels/KincheePlayerMob" unique_id=2061739470]
physics_interpolation_mode = 0
transform = Transform3D(-0.2638975, -0.9640956, 0.029628767, 0.96453667, -0.26393437, 0.0027308073, 0.0051872903, 0.02929869, 0.9995572, -4.7961628e-14, 1.4818285, -0.036280114)
bone_name = "Clavicle.R"
bone_idx = 27
use_external_skeleton = true
external_skeleton = NodePath("../Armature/Skeleton3D")

[node name="StaticBody3D" type="StaticBody3D" parent="WorldModels/KincheePlayerMob/Clavicle_R" unique_id=1631913581]
collision_layer = 4
collision_mask = 0
input_ray_pickable = false

[node name="CollisionShape3D" type="CollisionShape3D" parent="WorldModels/KincheePlayerMob/Clavicle_R/StaticBody3D" unique_id=723528956]
transform = Transform3D(0.99999994, 0, 0, 0, 0.9999999, 0, 0, 0, 1, -0.025, 0.1, 0)
shape = SubResource("CapsuleShape3D_l00qg")
debug_color = Color(0, 0.6, 0.69803923, 1)

[node name="UpperArm_L" type="BoneAttachment3D" parent="WorldModels/KincheePlayerMob" unique_id=1795716258]
physics_interpolation_mode = 0
transform = Transform3D(-0.93106556, 0.24913566, -0.26654866, -0.26941314, -0.9621165, 0.04180778, -0.24603511, 0.1107375, 0.96291417, 0.1960752, 1.4281503, -0.03032142)
bone_name = "UpperArm.L"
bone_idx = 7
use_external_skeleton = true
external_skeleton = NodePath("../Armature/Skeleton3D")

[node name="StaticBody3D" type="StaticBody3D" parent="WorldModels/KincheePlayerMob/UpperArm_L" unique_id=1905074618]
collision_layer = 4
collision_mask = 0
input_ray_pickable = false

[node name="CollisionShape3D" type="CollisionShape3D" parent="WorldModels/KincheePlayerMob/UpperArm_L/StaticBody3D" unique_id=1514812673]
transform = Transform3D(0.99999994, 0, 0, 0, 0.9999999, 0, 0, 0, 1, 0, 0.13, 0)
shape = SubResource("CapsuleShape3D_igqow")
debug_color = Color(0, 0.6, 0.69803923, 1)

[node name="UpperArm_R" type="BoneAttachment3D" parent="WorldModels/KincheePlayerMob" unique_id=1578389834]
physics_interpolation_mode = 0
transform = Transform3D(-0.9181161, -0.2898771, 0.27024773, 0.3118292, -0.9492447, 0.041188713, 0.24459164, 0.12208719, 0.9619093, -0.1960752, 1.4281503, -0.03032142)
bone_name = "UpperArm.R"
bone_idx = 28
use_external_skeleton = true
external_skeleton = NodePath("../Armature/Skeleton3D")

[node name="StaticBody3D" type="StaticBody3D" parent="WorldModels/KincheePlayerMob/UpperArm_R" unique_id=1362352567]
collision_layer = 4
collision_mask = 0
input_ray_pickable = false

[node name="CollisionShape3D" type="CollisionShape3D" parent="WorldModels/KincheePlayerMob/UpperArm_R/StaticBody3D" unique_id=1829397316]
transform = Transform3D(0.99999994, 0, 0, 0, 0.9999999, 0, 0, 0, 1, 0, 0.13, 0)
shape = SubResource("CapsuleShape3D_igqow")
debug_color = Color(0, 0.6, 0.69803923, 1)

[node name="LowerArm_L" type="BoneAttachment3D" parent="WorldModels/KincheePlayerMob" unique_id=1179165743]
physics_interpolation_mode = 0
transform = Transform3D(-0.22171335, 0.026113225, -0.9747621, -0.37815306, -0.92371327, 0.06126676, -0.8988009, 0.38219303, 0.21467443, 0.25735366, 1.1915042, -0.0030839422)
bone_name = "LowerArm.L"
bone_idx = 8
use_external_skeleton = true
external_skeleton = NodePath("../Armature/Skeleton3D")

[node name="StaticBody3D" type="StaticBody3D" parent="WorldModels/KincheePlayerMob/LowerArm_L" unique_id=548852261]
collision_layer = 4
collision_mask = 0
input_ray_pickable = false

[node name="CollisionShape3D" type="CollisionShape3D" parent="WorldModels/KincheePlayerMob/LowerArm_L/StaticBody3D" unique_id=1210674114]
transform = Transform3D(0.99999994, 0, 0, 0, 0.9999999, 0, 0, 0, 1, 0, 0.12, 0)
shape = SubResource("CapsuleShape3D_36gnr")
debug_color = Color(0, 0.6, 0.69803923, 1)

[node name="LowerArm_R" type="BoneAttachment3D" parent="WorldModels/KincheePlayerMob" unique_id=1965296518]
physics_interpolation_mode = 0
transform = Transform3D(-0.20277163, -0.056913674, 0.97757053, 0.38706377, -0.9216682, 0.02662731, 0.8994803, 0.38378155, 0.20891747, -0.26737463, 1.1946703, -0.00029232726)
bone_name = "LowerArm.R"
bone_idx = 29
use_external_skeleton = true
external_skeleton = NodePath("../Armature/Skeleton3D")

[node name="StaticBody3D" type="StaticBody3D" parent="WorldModels/KincheePlayerMob/LowerArm_R" unique_id=1910637470]
collision_layer = 4
collision_mask = 0
input_ray_pickable = false

[node name="CollisionShape3D" type="CollisionShape3D" parent="WorldModels/KincheePlayerMob/LowerArm_R/StaticBody3D" unique_id=272891115]
transform = Transform3D(0.99999994, 0, 0, 0, 0.9999999, 0, 0, 0, 1, 0, 0.12, 0)
shape = SubResource("CapsuleShape3D_36gnr")
debug_color = Color(0, 0.6, 0.69803923, 1)

[node name="Hand_L" type="BoneAttachment3D" parent="WorldModels/KincheePlayerMob" unique_id=1762690688]
physics_interpolation_mode = 0
transform = Transform3D(-0.21392585, 0.07404572, -0.9740394, -0.3914653, -0.92005295, 0.01603492, -0.89498055, 0.38473302, 0.22580948, 0.26388615, 0.96042746, 0.0925256)
bone_name = "Hand.L"
bone_idx = 9
use_external_skeleton = true
external_skeleton = NodePath("../Armature/Skeleton3D")

[node name="StaticBody3D" type="StaticBody3D" parent="WorldModels/KincheePlayerMob/Hand_L" unique_id=705724789]
collision_layer = 4
collision_mask = 0
input_ray_pickable = false

[node name="CollisionShape3D" type="CollisionShape3D" parent="WorldModels/KincheePlayerMob/Hand_L/StaticBody3D" unique_id=1805380230]
transform = Transform3D(0.9999993, 2.3841858e-07, 1.2479722e-07, -2.9802322e-08, 0.99999964, 8.195639e-08, 7.450581e-09, 1.4901161e-08, 1, -1.4901161e-08, 0.06117186, -2.3841858e-07)
shape = SubResource("CapsuleShape3D_uoj7a")
debug_color = Color(0, 0.6, 0.69803923, 1)

[node name="Hand_R" type="BoneAttachment3D" parent="WorldModels/KincheePlayerMob" unique_id=1927341915]
physics_interpolation_mode = 0
transform = Transform3D(-0.19453523, -0.10466878, 0.9752949, 0.40008354, -0.91629094, -0.018534562, 0.895594, 0.38659406, 0.22012724, -0.28161213, 0.9641051, 0.09571461)
bone_name = "Hand.R"
bone_idx = 30
use_external_skeleton = true
external_skeleton = NodePath("../Armature/Skeleton3D")

[node name="StaticBody3D" type="StaticBody3D" parent="WorldModels/KincheePlayerMob/Hand_R" unique_id=896857684]
collision_layer = 4
collision_mask = 0
input_ray_pickable = false

[node name="CollisionShape3D" type="CollisionShape3D" parent="WorldModels/KincheePlayerMob/Hand_R/StaticBody3D" unique_id=460281174]
transform = Transform3D(0.9999999, 2.9802322e-08, 6.761002e-08, 3.3527613e-08, 0.99999905, 9.313226e-10, -6.730261e-09, 5.2386895e-10, 1, 0, 0.07103518, -1.4901161e-08)
shape = SubResource("CapsuleShape3D_uoj7a")
debug_color = Color(0, 0.6, 0.69803923, 1)

[node name="Foot_L" type="BoneAttachment3D" parent="WorldModels/KincheePlayerMob" unique_id=731315567]
physics_interpolation_mode = 0
transform = Transform3D(0.0906644, 0.2529097, -0.9632324, -0.8731488, -0.44497406, -0.19901931, -0.4789449, 0.8590876, 0.1804843, 0.11615509, 0.12684871, -0.030484742)
bone_name = "Foot.L"
bone_idx = 3
use_external_skeleton = true
external_skeleton = NodePath("../Armature/Skeleton3D")

[node name="StaticBody3D" type="StaticBody3D" parent="WorldModels/KincheePlayerMob/Foot_L" unique_id=1191026833]
collision_layer = 4
collision_mask = 0
input_ray_pickable = false

[node name="CollisionShape3D" type="CollisionShape3D" parent="WorldModels/KincheePlayerMob/Foot_L/StaticBody3D" unique_id=774812004]
transform = Transform3D(0.90630764, -0.4226182, -1.4901161e-08, 0.42261827, 0.90630764, 2.9802322e-08, 5.5879354e-09, -1.4901161e-08, 1, 0.009, 0.1, -0.002)
shape = SubResource("CapsuleShape3D_tbe8m")
debug_color = Color(0, 0.6, 0.69803923, 1)

[node name="Foot_R" type="BoneAttachment3D" parent="WorldModels/KincheePlayerMob" unique_id=180640536]
physics_interpolation_mode = 0
transform = Transform3D(0.07253402, -0.24316126, 0.96726996, 0.897675, -0.40673187, -0.1695632, 0.43465826, 0.8805951, 0.18877782, -0.105609834, 0.13891302, 0.0032364875)
bone_name = "Foot.R"
bone_idx = 48
use_external_skeleton = true
external_skeleton = NodePath("../Armature/Skeleton3D")

[node name="StaticBody3D" type="StaticBody3D" parent="WorldModels/KincheePlayerMob/Foot_R" unique_id=840257142]
collision_layer = 4
collision_mask = 0
input_ray_pickable = false

[node name="CollisionShape3D" type="CollisionShape3D" parent="WorldModels/KincheePlayerMob/Foot_R/StaticBody3D" unique_id=129971578]
transform = Transform3D(0.90630764, 0.42261818, 0, -0.4226182, 0.9063076, 0, 0, 0, 1, -0.009, 0.1, -0.002)
shape = SubResource("CapsuleShape3D_tbe8m")
debug_color = Color(0, 0.6, 0.69803923, 1)

[node name="Neck" type="BoneAttachment3D" parent="WorldModels/KincheePlayerMob" unique_id=1885050477]
physics_interpolation_mode = 0
transform = Transform3D(0.99999994, -1.3953052e-15, 2.3841872e-07, 1.9155397e-08, 0.9967672, -0.08034348, -2.3764801e-07, 0.08034349, 0.9967671, -4.7961628e-14, 1.4818285, -0.036280114)
bone_name = "Neck"
bone_idx = 25
use_external_skeleton = true
external_skeleton = NodePath("../Armature/Skeleton3D")

[node name="StaticBody3D" type="StaticBody3D" parent="WorldModels/KincheePlayerMob/Neck" unique_id=1955792545]
collision_layer = 4
collision_mask = 0
input_ray_pickable = false

[node name="CollisionShape3D" type="CollisionShape3D" parent="WorldModels/KincheePlayerMob/Neck/StaticBody3D" unique_id=435686837]
transform = Transform3D(0.99999994, 0, 0, 0, 0.9999999, 0, 0, 0, 1, 0, 0.075, 0.01)
shape = SubResource("CapsuleShape3D_xhrtx")
debug_color = Color(0, 0.6, 0.69803923, 1)

[node name="Head" type="BoneAttachment3D" parent="WorldModels/KincheePlayerMob" unique_id=1552673865]
physics_interpolation_mode = 0
transform = Transform3D(0.99999994, -5.32907e-15, 2.3841866e-07, 2.8298679e-08, 0.99293095, -0.11869317, -2.3673336e-07, 0.11869319, 0.9929307, -4.5279898e-14, 1.5845053, -0.028003944)
bone_name = "Head"
bone_idx = 26
use_external_skeleton = true
external_skeleton = NodePath("../Armature/Skeleton3D")

[node name="StaticBody3D" type="StaticBody3D" parent="WorldModels/KincheePlayerMob/Head" unique_id=665319485]
collision_layer = 4
collision_mask = 0
input_ray_pickable = false

[node name="CollisionShape3D" type="CollisionShape3D" parent="WorldModels/KincheePlayerMob/Head/StaticBody3D" unique_id=1285633759]
transform = Transform3D(0.99999994, 0, 0, 0, 0.9999999, 0, 0, 0, 1, 0, 0.065, 0.015)
shape = SubResource("CapsuleShape3D_0uf52")
debug_color = Color(0, 0.6, 0.69803923, 1)

[node name="NavigationAgent3D" type="NavigationAgent3D" parent="." unique_id=1229671336]
avoidance_enabled = true
height = 1.8
radius = 0.6
neighbor_distance = 4.0
max_neighbors = 3

[node name="CollisionShape3D" type="CollisionShape3D" parent="." unique_id=866785201]
transform = Transform3D(1, 0, 0, 0, 1, 0, 0, 0, 1, 0, 0.9, 0)
shape = SubResource("CapsuleShape3D_ex06h")
debug_color = Color(0.7019608, 0.050980393, 0, 0.14901961)

[node name="MultiplayerSynchronizer" type="MultiplayerSynchronizer" parent="." unique_id=340207243]
replication_config = SubResource("SceneReplicationConfig_drloa")

[node name="AudioStreamPlayer3D" type="AudioStreamPlayer3D" parent="." unique_id=1638384440]
transform = Transform3D(1, 0, 0, 0, 1, 0, 0, 0, 1, 0, 1.5, 0)
