[gd_scene format=3 uid="uid://pqbd3i4lbv5o"]

[ext_resource type="Script" uid="uid://rpfwvykhmjjm" path="res://scripts/pawn/mob/LiveMob.cs" id="1_ex06h"]
[ext_resource type="PackedScene" uid="uid://nbh27dtdq18n" path="res://scenes/pawn/player/KincheePlayer.blend" id="1_sup6k"]

[sub_resource type="CapsuleShape3D" id="CapsuleShape3D_drloa"]
radius = 0.1
height = 0.45

[sub_resource type="CapsuleShape3D" id="CapsuleShape3D_ufksc"]
radius = 0.08
height = 0.52

[sub_resource type="CapsuleShape3D" id="CapsuleShape3D_fx5p6"]
radius = 0.1
height = 0.39

[sub_resource type="CapsuleShape3D" id="CapsuleShape3D_l4il3"]
radius = 0.14
height = 0.35

[sub_resource type="CapsuleShape3D" id="CapsuleShape3D_e5eql"]
radius = 0.16
height = 0.38

[sub_resource type="CapsuleShape3D" id="CapsuleShape3D_l00qg"]
radius = 0.09
height = 0.3

[sub_resource type="CapsuleShape3D" id="CapsuleShape3D_igqow"]
radius = 0.06
height = 0.33

[sub_resource type="CapsuleShape3D" id="CapsuleShape3D_36gnr"]
radius = 0.05
height = 0.33

[sub_resource type="CapsuleShape3D" id="CapsuleShape3D_uoj7a"]
radius = 0.065
height = 0.13

[sub_resource type="CapsuleShape3D" id="CapsuleShape3D_tbe8m"]
radius = 0.06
height = 0.28

[sub_resource type="CapsuleShape3D" id="CapsuleShape3D_xhrtx"]
radius = 0.065
height = 0.2

[sub_resource type="CapsuleShape3D" id="CapsuleShape3D_0uf52"]
radius = 0.1
height = 0.25

[sub_resource type="CapsuleShape3D" id="CapsuleShape3D_ex06h"]
radius = 0.4
height = 1.7

[sub_resource type="SceneReplicationConfig" id="SceneReplicationConfig_drloa"]
properties/0/path = NodePath(".:position")
properties/0/spawn = true
properties/0/replication_mode = 2
properties/1/path = NodePath(".:rotation:y")
properties/1/spawn = true
properties/1/replication_mode = 2
properties/2/path = NodePath(".:MaxHealth")
properties/2/spawn = true
properties/2/replication_mode = 2
properties/3/path = NodePath(".:Health")
properties/3/spawn = true
properties/3/replication_mode = 1
properties/4/path = NodePath(".:Armor")
properties/4/spawn = true
properties/4/replication_mode = 1
properties/5/path = NodePath(".:Active")
properties/5/spawn = true
properties/5/replication_mode = 1

[node name="Mob" type="CharacterBody3D" unique_id=2115086269 node_paths=PackedStringArray("worldModels", "navigationAgent3D", "collisionShape3D")]
collision_layer = 2
collision_mask = 3
input_ray_pickable = false
floor_constant_speed = true
platform_on_leave = 2
script = ExtResource("1_ex06h")
worldModels = NodePath("WorldModels")
navigationAgent3D = NodePath("NavigationAgent3D")
collisionShape3D = NodePath("CollisionShape3D")

[node name="WorldModels" type="Node3D" parent="." unique_id=195520531]

[node name="KincheePlayer" parent="WorldModels" unique_id=51662591 instance=ExtResource("1_sup6k")]

[node name="UpperLeg_L" type="BoneAttachment3D" parent="WorldModels/KincheePlayer" unique_id=783349946]
physics_interpolation_mode = 0
transform = Transform3D(-0.0001158127, 0.19481526, -0.98084, -0.018246416, -0.980677, -0.19478077, -0.9998305, 0.01787431, 0.0036681904, 0.09763097, 0.8747359, -0.030339018)
bone_name = "UpperLeg.L"
bone_idx = 1
use_external_skeleton = true
external_skeleton = NodePath("../Armature/Skeleton3D")

[node name="StaticBody3D" type="StaticBody3D" parent="WorldModels/KincheePlayer/UpperLeg_L" unique_id=1474823420]
collision_layer = 4
collision_mask = 0
input_ray_pickable = false

[node name="CollisionShape3D" type="CollisionShape3D" parent="WorldModels/KincheePlayer/UpperLeg_L/StaticBody3D" unique_id=2075434016]
transform = Transform3D(0.99999994, -1.8626451e-09, -2.3283064e-10, -1.8626451e-09, 0.9999999, -1.371518e-08, 0, 2.4519977e-09, 1, 0, 0.14, 0)
shape = SubResource("CapsuleShape3D_drloa")
debug_color = Color(0, 0.6, 0.69803923, 1)

[node name="UpperLeg_R" type="BoneAttachment3D" parent="WorldModels/KincheePlayer" unique_id=479426311]
physics_interpolation_mode = 0
transform = Transform3D(-0.00011819572, -0.19481425, 0.98084027, 0.018246198, -0.98067755, -0.19477971, 0.99984145, 0.017873462, 0.003670334, -0.09763095, 0.8747359, -0.030339018)
bone_name = "UpperLeg.R"
bone_idx = 46
use_external_skeleton = true
external_skeleton = NodePath("../Armature/Skeleton3D")

[node name="StaticBody3D" type="StaticBody3D" parent="WorldModels/KincheePlayer/UpperLeg_R" unique_id=120913076]
collision_layer = 4
collision_mask = 0
input_ray_pickable = false

[node name="CollisionShape3D" type="CollisionShape3D" parent="WorldModels/KincheePlayer/UpperLeg_R/StaticBody3D" unique_id=1476010700]
transform = Transform3D(1, 0, 0, 0, 1.0000001, 6.5701897e-09, 4.656613e-10, -5.2532414e-09, 1.0000001, 0, 0.14, 0)
shape = SubResource("CapsuleShape3D_drloa")
debug_color = Color(0, 0.6, 0.69803923, 1)

[node name="LowerLeg_L" type="BoneAttachment3D" parent="WorldModels/KincheePlayer" unique_id=890211340]
physics_interpolation_mode = 0
transform = Transform3D(0.004016035, 0.101869114, -0.9947898, -0.0074698944, -0.99476695, -0.10189695, -0.99996096, 0.007840275, -0.003234121, 0.16651657, 0.5279739, -0.02401876)
bone_name = "LowerLeg.L"
bone_idx = 2
use_external_skeleton = true
external_skeleton = NodePath("../Armature/Skeleton3D")

[node name="StaticBody3D" type="StaticBody3D" parent="WorldModels/KincheePlayer/LowerLeg_L" unique_id=25503264]
collision_layer = 4
collision_mask = 0
input_ray_pickable = false

[node name="CollisionShape3D" type="CollisionShape3D" parent="WorldModels/KincheePlayer/LowerLeg_L/StaticBody3D" unique_id=721517524]
transform = Transform3D(1, 9.313226e-10, -4.656613e-10, 0, 0.9999999, -1.6707418e-08, -2.3283064e-10, -1.6698323e-09, 1, 0, 0.19, 0)
shape = SubResource("CapsuleShape3D_ufksc")
debug_color = Color(0, 0.6, 0.69803923, 1)

[node name="LowerLeg_R" type="BoneAttachment3D" parent="WorldModels/KincheePlayer" unique_id=959043768]
physics_interpolation_mode = 0
transform = Transform3D(0.004013959, -0.10186805, 0.99478996, 0.007469652, -0.9947673, -0.101895854, 0.99997187, 0.007839523, -0.0032322607, -0.16651616, 0.5279737, -0.024019063)
bone_name = "LowerLeg.R"
bone_idx = 47
use_external_skeleton = true
external_skeleton = NodePath("../Armature/Skeleton3D")

[node name="StaticBody3D" type="StaticBody3D" parent="WorldModels/KincheePlayer/LowerLeg_R" unique_id=1454688769]
collision_layer = 4
collision_mask = 0
input_ray_pickable = false

[node name="CollisionShape3D" type="CollisionShape3D" parent="WorldModels/KincheePlayer/LowerLeg_R/StaticBody3D" unique_id=742628442]
transform = Transform3D(1, 9.313226e-10, -4.656613e-10, 0, 0.9999999, -1.6707418e-08, -2.3283064e-10, -1.6698323e-09, 1, 0, 0.19, 0)
shape = SubResource("CapsuleShape3D_ufksc")
debug_color = Color(0, 0.6, 0.69803923, 1)

[node name="Hip" type="BoneAttachment3D" parent="WorldModels/KincheePlayer" unique_id=1324564009]
physics_interpolation_mode = 0
transform = Transform3D(1, 1.8395843e-07, -1.8097198e-07, -1.8395843e-07, 1, 1.637097e-14, 1.8097198e-07, 1.6920352e-14, 1, 0, 0.8884721, -0.036280114)
bone_name = "Hip"
bone_idx = 0
use_external_skeleton = true
external_skeleton = NodePath("../Armature/Skeleton3D")

[node name="StaticBody3D" type="StaticBody3D" parent="WorldModels/KincheePlayer/Hip" unique_id=1497762352]
collision_layer = 4
collision_mask = 0
input_ray_pickable = false

[node name="CollisionShape3D" type="CollisionShape3D" parent="WorldModels/KincheePlayer/Hip/StaticBody3D" unique_id=925177648]
transform = Transform3D(-4.371138e-08, -0.9999999, 0, 0.99999994, -4.371138e-08, 0, -5.759824e-20, 0, 1, 0, 0.06, 0)
shape = SubResource("CapsuleShape3D_fx5p6")
debug_color = Color(0, 0.6, 0.69803923, 1)

[node name="LowerSpine" type="BoneAttachment3D" parent="WorldModels/KincheePlayer" unique_id=1917111881]
physics_interpolation_mode = 0
transform = Transform3D(1, -1.2266716e-07, 3.590942e-07, 1.2266716e-07, 1, 2.7128702e-14, -3.590942e-07, 1.6920357e-14, 1, 2.1785148e-08, 1.0068965, -0.036280114)
bone_name = "LowerSpine"
bone_idx = 4
use_external_skeleton = true
external_skeleton = NodePath("../Armature/Skeleton3D")

[node name="StaticBody3D" type="StaticBody3D" parent="WorldModels/KincheePlayer/LowerSpine" unique_id=480533395]
collision_layer = 4
collision_mask = 0
input_ray_pickable = false

[node name="CollisionShape3D" type="CollisionShape3D" parent="WorldModels/KincheePlayer/LowerSpine/StaticBody3D" unique_id=117142670]
transform = Transform3D(-4.371138e-08, -0.9999999, 0, 0.99999994, -4.371138e-08, 0, -4.7433845e-20, 0, 1, 0, 0.1, 0)
shape = SubResource("CapsuleShape3D_l4il3")
debug_color = Color(0, 0.6, 0.69803923, 1)

[node name="UpperSpine" type="BoneAttachment3D" parent="WorldModels/KincheePlayer" unique_id=39835053]
physics_interpolation_mode = 0
transform = Transform3D(1, 1.5817764e-20, -2.842171e-14, 9.74176e-21, 1, -1.6920366e-14, 2.842171e-14, 1.6920357e-14, 1, -3.907985e-14, 1.1844922, -0.036280114)
bone_name = "UpperSpine"
bone_idx = 5
use_external_skeleton = true
external_skeleton = NodePath("../Armature/Skeleton3D")

[node name="StaticBody3D" type="StaticBody3D" parent="WorldModels/KincheePlayer/UpperSpine" unique_id=1472259595]
collision_layer = 4
collision_mask = 0
input_ray_pickable = false

[node name="CollisionShape3D" type="CollisionShape3D" parent="WorldModels/KincheePlayer/UpperSpine/StaticBody3D" unique_id=1559572312]
transform = Transform3D(-4.371138e-08, -0.9999999, 0, 0.99999994, -4.371138e-08, 0, -4.7433845e-20, 0, 1, 0, 0.14, 0)
shape = SubResource("CapsuleShape3D_e5eql")
debug_color = Color(0, 0.6, 0.69803923, 1)

[node name="Clavicle_L" type="BoneAttachment3D" parent="WorldModels/KincheePlayer" unique_id=1751432209]
physics_interpolation_mode = 0
transform = Transform3D(-0.2638975, 0.9640956, -0.029628769, -0.9645367, -0.26393437, 0.0027308073, -0.0051872903, 0.029298691, 0.99955726, -3.9079847e-14, 1.4898528, -0.036280114)
bone_name = "Clavicle.L"
bone_idx = 6
use_external_skeleton = true
external_skeleton = NodePath("../Armature/Skeleton3D")

[node name="StaticBody3D" type="StaticBody3D" parent="WorldModels/KincheePlayer/Clavicle_L" unique_id=2011593338]
collision_layer = 4
collision_mask = 0
input_ray_pickable = false

[node name="CollisionShape3D" type="CollisionShape3D" parent="WorldModels/KincheePlayer/Clavicle_L/StaticBody3D" unique_id=1636414043]
transform = Transform3D(0.99999994, 0, 0, 0, 0.9999999, 0, 0, 0, 1, 0.025, 0.1, 0)
shape = SubResource("CapsuleShape3D_l00qg")
debug_color = Color(0, 0.6, 0.69803923, 1)

[node name="Clavicle_R" type="BoneAttachment3D" parent="WorldModels/KincheePlayer" unique_id=1931364052]
physics_interpolation_mode = 0
transform = Transform3D(-0.2638975, -0.9640956, 0.029628769, 0.9645367, -0.26393437, 0.0027308073, 0.0051872903, 0.029298691, 0.99955726, -3.9079847e-14, 1.4898528, -0.036280114)
bone_name = "Clavicle.R"
bone_idx = 27
use_external_skeleton = true
external_skeleton = NodePath("../Armature/Skeleton3D")

[node name="StaticBody3D" type="StaticBody3D" parent="WorldModels/KincheePlayer/Clavicle_R" unique_id=1446124060]
collision_layer = 4
collision_mask = 0
input_ray_pickable = false

[node name="CollisionShape3D" type="CollisionShape3D" parent="WorldModels/KincheePlayer/Clavicle_R/StaticBody3D" unique_id=737716221]
transform = Transform3D(0.99999994, 0, 0, 0, 0.9999999, 0, 0, 0, 1, -0.025, 0.1, 0)
shape = SubResource("CapsuleShape3D_l00qg")
debug_color = Color(0, 0.6, 0.69803923, 1)

[node name="UpperArm_L" type="BoneAttachment3D" parent="WorldModels/KincheePlayer" unique_id=167078909]
physics_interpolation_mode = 0
transform = Transform3D(0.034562673, -0.24508324, -0.96888584, -0.91180724, -0.40463743, 0.06982802, -0.40916118, 0.88102365, -0.23745395, 0.1960752, 1.4361746, -0.030321421)
bone_name = "UpperArm.L"
bone_idx = 7
use_external_skeleton = true
external_skeleton = NodePath("../Armature/Skeleton3D")

[node name="StaticBody3D" type="StaticBody3D" parent="WorldModels/KincheePlayer/UpperArm_L" unique_id=994719266]
collision_layer = 4
collision_mask = 0
input_ray_pickable = false

[node name="CollisionShape3D" type="CollisionShape3D" parent="WorldModels/KincheePlayer/UpperArm_L/StaticBody3D" unique_id=507353084]
transform = Transform3D(0.99999994, 0, 0, 0, 0.9999999, 0, 0, 0, 1, 0, 0.13, 0)
shape = SubResource("CapsuleShape3D_igqow")
debug_color = Color(0, 0.6, 0.69803923, 1)

[node name="UpperArm_R" type="BoneAttachment3D" parent="WorldModels/KincheePlayer" unique_id=1593488526]
physics_interpolation_mode = 0
transform = Transform3D(-0.001992656, 0.001390079, 0.99999696, 0.841903, -0.5396233, 0.0024278103, 0.5396251, 0.8419053, -9.5052645e-05, -0.1960752, 1.4361746, -0.030321421)
bone_name = "UpperArm.R"
bone_idx = 28
use_external_skeleton = true
external_skeleton = NodePath("../Armature/Skeleton3D")

[node name="StaticBody3D" type="StaticBody3D" parent="WorldModels/KincheePlayer/UpperArm_R" unique_id=235136996]
collision_layer = 4
collision_mask = 0
input_ray_pickable = false

[node name="CollisionShape3D" type="CollisionShape3D" parent="WorldModels/KincheePlayer/UpperArm_R/StaticBody3D" unique_id=1193379155]
transform = Transform3D(0.99999994, 0, 0, 0, 0.9999999, 0, 0, 0, 1, 0, 0.13, 0)
shape = SubResource("CapsuleShape3D_igqow")
debug_color = Color(0, 0.6, 0.69803923, 1)

[node name="LowerArm_L" type="BoneAttachment3D" parent="WorldModels/KincheePlayer" unique_id=1028364045]
physics_interpolation_mode = 0
transform = Transform3D(-0.5065275, -0.6461906, -0.5708482, -0.7316012, -0.028250976, 0.68114716, -0.4562779, 0.762653, -0.45844382, 0.1357935, 1.3366483, 0.18637882)
bone_name = "LowerArm.L"
bone_idx = 8
use_external_skeleton = true
external_skeleton = NodePath("../Armature/Skeleton3D")

[node name="StaticBody3D" type="StaticBody3D" parent="WorldModels/KincheePlayer/LowerArm_L" unique_id=969531837]
collision_layer = 4
collision_mask = 0
input_ray_pickable = false

[node name="CollisionShape3D" type="CollisionShape3D" parent="WorldModels/KincheePlayer/LowerArm_L/StaticBody3D" unique_id=865108705]
transform = Transform3D(0.99999994, 0, 0, 0, 0.9999999, 0, 0, 0, 1, 0, 0.12, 0)
shape = SubResource("CapsuleShape3D_36gnr")
debug_color = Color(0, 0.6, 0.69803923, 1)

[node name="LowerArm_R" type="BoneAttachment3D" parent="WorldModels/KincheePlayer" unique_id=968075199]
physics_interpolation_mode = 0
transform = Transform3D(-0.025185134, 0.36631668, 0.9301493, 0.95549417, 0.2823955, -0.08534316, -0.2939326, 0.88660294, -0.35712567, -0.19573328, 1.3034468, 0.17675711)
bone_name = "LowerArm.R"
bone_idx = 29
use_external_skeleton = true
external_skeleton = NodePath("../Armature/Skeleton3D")

[node name="StaticBody3D" type="StaticBody3D" parent="WorldModels/KincheePlayer/LowerArm_R" unique_id=1447812283]
collision_layer = 4
collision_mask = 0
input_ray_pickable = false

[node name="CollisionShape3D" type="CollisionShape3D" parent="WorldModels/KincheePlayer/LowerArm_R/StaticBody3D" unique_id=1733251740]
transform = Transform3D(0.99999994, 0, 0, 0, 0.9999999, 0, 0, 0, 1, 0, 0.12, 0)
shape = SubResource("CapsuleShape3D_36gnr")
debug_color = Color(0, 0.6, 0.69803923, 1)

[node name="Hand_L" type="BoneAttachment3D" parent="WorldModels/KincheePlayer" unique_id=1437227629]
physics_interpolation_mode = 0
transform = Transform3D(-0.7884865, -0.611969, -0.06150633, -0.039771795, -0.049061283, 0.99800336, -0.61376476, 0.7893585, 0.01434508, -0.025857985, 1.329581, 0.3771645)
bone_name = "Hand.L"
bone_idx = 9
use_external_skeleton = true
external_skeleton = NodePath("../Armature/Skeleton3D")

[node name="StaticBody3D" type="StaticBody3D" parent="WorldModels/KincheePlayer/Hand_L" unique_id=2090416471]
collision_layer = 4
collision_mask = 0
input_ray_pickable = false

[node name="CollisionShape3D" type="CollisionShape3D" parent="WorldModels/KincheePlayer/Hand_L/StaticBody3D" unique_id=886020797]
transform = Transform3D(0.99999994, 0, 0, 0, 0.9999999, 0, 0, 0, 1, 0, 0.055, 0)
shape = SubResource("CapsuleShape3D_uoj7a")
debug_color = Color(0, 0.6, 0.69803923, 1)

[node name="Hand_R" type="BoneAttachment3D" parent="WorldModels/KincheePlayer" unique_id=473325551]
physics_interpolation_mode = 0
transform = Transform3D(-0.01646538, 8.645654e-05, 0.99986434, 0.99932766, 0.03275966, 0.016453765, -0.032753795, 0.99946314, -0.00062584877, -0.10409527, 1.3740909, 0.39855027)
bone_name = "Hand.R"
bone_idx = 30
use_external_skeleton = true
external_skeleton = NodePath("../Armature/Skeleton3D")

[node name="StaticBody3D" type="StaticBody3D" parent="WorldModels/KincheePlayer/Hand_R" unique_id=1943969537]
collision_layer = 4
collision_mask = 0
input_ray_pickable = false

[node name="CollisionShape3D" type="CollisionShape3D" parent="WorldModels/KincheePlayer/Hand_R/StaticBody3D" unique_id=62123684]
transform = Transform3D(0.99999994, 0, 0, 0, 0.9999999, 0, 0, 0, 1, 0, 0.055, 0)
shape = SubResource("CapsuleShape3D_uoj7a")
debug_color = Color(0, 0.6, 0.69803923, 1)

[node name="Foot_L" type="BoneAttachment3D" parent="WorldModels/KincheePlayer" unique_id=1259674566]
physics_interpolation_mode = 0
transform = Transform3D(-0.008109733, 0.19872183, -0.98002243, -0.8681034, -0.48783317, -0.091735706, -0.49631578, 0.85001403, 0.17646667, 0.2091712, 0.11144501, -0.020735877)
bone_name = "Foot.L"
bone_idx = 3
use_external_skeleton = true
external_skeleton = NodePath("../Armature/Skeleton3D")

[node name="StaticBody3D" type="StaticBody3D" parent="WorldModels/KincheePlayer/Foot_L" unique_id=1926933674]
collision_layer = 4
collision_mask = 0
input_ray_pickable = false

[node name="CollisionShape3D" type="CollisionShape3D" parent="WorldModels/KincheePlayer/Foot_L/StaticBody3D" unique_id=174986683]
transform = Transform3D(0.90630764, -0.4226182, -1.4901161e-08, 0.42261827, 0.90630764, 2.9802322e-08, 5.5879354e-09, -1.4901161e-08, 1, 0.009, 0.1, -0.002)
shape = SubResource("CapsuleShape3D_tbe8m")
debug_color = Color(0, 0.6, 0.69803923, 1)

[node name="Foot_R" type="BoneAttachment3D" parent="WorldModels/KincheePlayer" unique_id=1099799758]
physics_interpolation_mode = 0
transform = Transform3D(-0.0081112385, -0.19872205, 0.98002225, 0.86810136, -0.487837, -0.09173523, 0.49632502, 0.8500209, 0.176469, -0.20917034, 0.11144471, -0.020736499)
bone_name = "Foot.R"
bone_idx = 48
use_external_skeleton = true
external_skeleton = NodePath("../Armature/Skeleton3D")

[node name="StaticBody3D" type="StaticBody3D" parent="WorldModels/KincheePlayer/Foot_R" unique_id=171270125]
collision_layer = 4
collision_mask = 0
input_ray_pickable = false

[node name="CollisionShape3D" type="CollisionShape3D" parent="WorldModels/KincheePlayer/Foot_R/StaticBody3D" unique_id=954452055]
transform = Transform3D(0.90630764, 0.42261818, 0, -0.4226182, 0.9063076, 0, 0, 0, 1, -0.009, 0.1, -0.002)
shape = SubResource("CapsuleShape3D_tbe8m")
debug_color = Color(0, 0.6, 0.69803923, 1)

[node name="Neck" type="BoneAttachment3D" parent="WorldModels/KincheePlayer" unique_id=1729535675]
physics_interpolation_mode = 0
transform = Transform3D(1, -1.3953052e-15, 2.3841875e-07, 1.9155397e-08, 0.9967672, -0.080343485, -2.3764804e-07, 0.08034349, 0.99676716, -3.9079847e-14, 1.4898528, -0.036280114)
bone_name = "Neck"
bone_idx = 25
use_external_skeleton = true
external_skeleton = NodePath("../Armature/Skeleton3D")

[node name="StaticBody3D" type="StaticBody3D" parent="WorldModels/KincheePlayer/Neck" unique_id=1025355973]
collision_layer = 4
collision_mask = 0
input_ray_pickable = false

[node name="CollisionShape3D" type="CollisionShape3D" parent="WorldModels/KincheePlayer/Neck/StaticBody3D" unique_id=306098893]
transform = Transform3D(0.99999994, 0, 0, 0, 0.9999999, 0, 0, 0, 1, 0, 0.075, 0.01)
shape = SubResource("CapsuleShape3D_xhrtx")
debug_color = Color(0, 0.6, 0.69803923, 1)

[node name="Head" type="BoneAttachment3D" parent="WorldModels/KincheePlayer" unique_id=492952831]
physics_interpolation_mode = 0
transform = Transform3D(1, -5.3290705e-15, 2.384187e-07, 2.829868e-08, 0.99293095, -0.11869317, -2.3673337e-07, 0.11869319, 0.9929308, -3.6398114e-14, 1.5925297, -0.028003946)
bone_name = "Head"
bone_idx = 26
use_external_skeleton = true
external_skeleton = NodePath("../Armature/Skeleton3D")

[node name="StaticBody3D" type="StaticBody3D" parent="WorldModels/KincheePlayer/Head" unique_id=185266771]
collision_layer = 4
collision_mask = 0
input_ray_pickable = false

[node name="CollisionShape3D" type="CollisionShape3D" parent="WorldModels/KincheePlayer/Head/StaticBody3D" unique_id=263410075]
transform = Transform3D(0.99999994, 0, 0, 0, 0.9999999, 0, 0, 0, 1, 0, 0.065, 0.015)
shape = SubResource("CapsuleShape3D_0uf52")
debug_color = Color(0, 0.6, 0.69803923, 1)

[node name="NavigationAgent3D" type="NavigationAgent3D" parent="." unique_id=1229671336]
avoidance_enabled = true
height = 1.8
radius = 0.6
neighbor_distance = 4.0
max_neighbors = 3

[node name="CollisionShape3D" type="CollisionShape3D" parent="." unique_id=866785201]
transform = Transform3D(1, 0, 0, 0, 1, 0, 0, 0, 1, 0, 0.9, 0)
shape = SubResource("CapsuleShape3D_ex06h")
debug_color = Color(0.7019608, 0.050980393, 0, 0.14901961)

[node name="MultiplayerSynchronizer" type="MultiplayerSynchronizer" parent="." unique_id=340207243]
replication_config = SubResource("SceneReplicationConfig_drloa")

[node name="AudioStreamPlayer3D" type="AudioStreamPlayer3D" parent="." unique_id=1638384440]
transform = Transform3D(1, 0, 0, 0, 1, 0, 0, 0, 1, 0, 1.5, 0)
